FOM_3x2: 1399.1674605620667
FOM_DETF_3x2: 44.08762175495988
FOM_DETF_gg: 4.010953584822887
FOM_DETF_ww: 0.7445660781830541
FOM_gg: 345.38401394390854
FOM_ww: 26.42872310266265
SNR_3x2: 1097.151094848299
SNR_gg: 1093.4560913213957
SNR_ww: 358.7241999848635
counts:
  0: 2922918
  1: 2398362
  2: 2798592
  3: 491320
name: Autokeras_LSTM_3_griz_0.npy
