FOM_3x2: 1564.7076210263365
FOM_DETF_3x2: 31.131292822414355
FOM_DETF_gg: 3.382441521455935
FOM_DETF_ww: 0.43083400486807666
FOM_gg: 327.030579311031
FOM_ww: 13.832026348035729
SNR_3x2: 1064.0220058508075
SNR_gg: 1059.737600607448
SNR_ww: 335.28761154103955
counts:
  0: 4552568
  1: 2501839
  2: 1493360
  3: 63425
name: Autokeras_LSTM_3_riz_0.npy
