FOM_3x2: 883.827646266981
FOM_DETF_3x2: 27.077352044411384
FOM_DETF_gg: 0.7683802840006099
FOM_DETF_ww: 0.23670108767281645
FOM_gg: 72.07129595642533
FOM_ww: 7.013585802178403
SNR_3x2: 896.8255387296932
SNR_gg: 888.2878670879403
SNR_ww: 346.7836811158817
counts:
  0: 4824965
  1: 3722802
  2: 63425
name: CNN_3_riz_0.npy
