FOM_3x2: 780.8222559585103
FOM_DETF_3x2: 30.542590145384686
FOM_DETF_gg: 1.550204945768614
FOM_DETF_ww: 0.23978109461452182
FOM_gg: 134.52520874880145
FOM_ww: 6.247895041323896
SNR_3x2: 916.2547591589497
SNR_gg: 907.5923525607382
SNR_ww: 352.459840079368
counts:
  0: 4029047
  1: 4090825
  2: 491320
name: CNN_3_griz_0.npy
