FOM_3x2: 898.315225267707
FOM_DETF_3x2: 34.85518348031177
FOM_DETF_gg: 3.179261811084729
FOM_DETF_ww: 0.3369734502346115
FOM_gg: 273.74526114450623
FOM_ww: 6.45123558816174
SNR_3x2: 1072.745352228054
SNR_gg: 1070.439204237324
SNR_ww: 342.65344866874227
counts:
  0: 2098217
  1: 1331279
  2: 5181696
name: ComplexSOM_3_griz_0.npy
