FOM_3x2: 1097.9665695949882
FOM_DETF_3x2: 37.98944026271753
FOM_DETF_gg: 4.1276718895309745
FOM_DETF_ww: 0.5631125114239804
FOM_gg: 352.6017202930272
FOM_ww: 17.341153855967967
SNR_3x2: 1081.2421935889647
SNR_gg: 1078.6048822310017
SNR_ww: 346.8009399107458
counts:
  0: 1759230
  1: 3585188
  2: 3266774
name: ComplexSOM_3_riz_0.npy
