FOM_3x2: 1622.1462846753373
FOM_DETF_3x2: 42.134943042284696
FOM_DETF_gg: 4.61556615779079
FOM_DETF_ww: 0.8951554786746012
FOM_gg: 426.09691484499126
FOM_ww: 31.177510828916454
SNR_3x2: 1021.300723041234
SNR_gg: 1017.9792279372244
SNR_ww: 358.77328963003663
counts:
  0: 2514100
  1: 5157661
  2: 939431
name: funbins_3_griz_0.npy
