FOM_3x2: 1186.7645569679232
FOM_DETF_3x2: 36.83851704519878
FOM_DETF_gg: 4.258755026202902
FOM_DETF_ww: 0.7025124393791676
FOM_gg: 339.04881718400156
FOM_ww: 23.25721706977677
SNR_3x2: 983.5267808785244
SNR_gg: 980.0824273490707
SNR_ww: 347.52708735337967
counts:
  0: 2549342
  1: 5161888
  2: 899962
name: funbins_3_riz_0.npy
