FOM_3x2: 775.8304544039968
FOM_DETF_3x2: 26.23162563078974
FOM_DETF_gg: 0.364680620678581
FOM_DETF_ww: 0.22425954461638536
FOM_gg: 33.72032234002467
FOM_ww: 6.897230268159615
SNR_3x2: 892.1845177339211
SNR_gg: 882.3979527666136
SNR_ww: 346.55385504137433
counts:
  -1: 0
  0: 4758357
  1: 3852835
name: GPzBinning_3_riz_0.npy
