FOM_3x2: 667.7623360380521
FOM_DETF_3x2: 27.839974016047353
FOM_DETF_gg: 0.3796705384904976
FOM_DETF_ww: 0.23947200284509898
FOM_gg: 32.52076858316576
FOM_ww: 6.470135799347447
SNR_3x2: 911.0424971500795
SNR_gg: 903.6750438496626
SNR_ww: 352.79358145703964
counts:
  -1: 0
  0: 4270779
  1: 4340413
name: GPzBinning_3_griz_0.npy
