FOM_3x2: 753.4166733139978
FOM_DETF_3x2: 38.043115793553255
FOM_DETF_gg: 2.565248453487733
FOM_DETF_ww: 0.04837985563193023
FOM_gg: 216.17668611868268
FOM_ww: 0.7788954780369381
SNR_3x2: 782.3407446434188
SNR_gg: 766.7835234259547
SNR_ww: 327.6171490895921
counts:
  0: 10160
  1: 1175784
  2: 7425248
name: IBandOnly_3_griz_0.npy
