FOM_3x2: 1000.8626545169931
FOM_DETF_3x2: 59.945488260086876
FOM_DETF_gg: 3.8474859874759146
FOM_DETF_ww: 0.3595118457634627
FOM_gg: 254.63847660239705
FOM_ww: 9.303522316037979
SNR_3x2: 970.1900651284875
SNR_gg: 964.6658380896102
SNR_ww: 331.25805639529744
counts:
  0: 5862928
  1: 1656702
  2: 1091562
name: JaxCNN_3_riz_0.npy
