FOM_3x2: 994.0803518273876
FOM_DETF_3x2: 79.74382537730521
FOM_DETF_gg: 4.783626845071944
FOM_DETF_ww: 0.20725268121989454
FOM_gg: 316.6888438293315
FOM_ww: 3.2680752985577963
SNR_3x2: 1079.4307996884202
SNR_gg: 1077.2945203509041
SNR_ww: 348.52167747328554
counts:
  0: 5760930
  1: 2561068
  2: 289194
name: JaxCNN_3_griz_0.npy
