FOM_3x2: 858.0501604440103
FOM_DETF_3x2: 73.72812832168258
FOM_DETF_gg: 4.586634466577423
FOM_DETF_ww: 0.14171391635027894
FOM_gg: 291.8194610739686
FOM_ww: 2.0648980807369504
SNR_3x2: 1011.6782360420391
SNR_gg: 1008.8299588642768
SNR_ww: 341.0295814400317
counts:
  0: 5988906
  1: 267095
  2: 2355191
name: JaxResNet_3_riz_0.npy
