FOM_3x2: 950.4586372510038
FOM_DETF_3x2: 82.21550422928046
FOM_DETF_gg: 5.058002522072767
FOM_DETF_ww: 0.14721831043765105
FOM_gg: 324.645067019585
FOM_ww: 2.215709239835949
SNR_3x2: 1075.492120361787
SNR_gg: 1073.4357095693633
SNR_ww: 348.96060093978673
counts:
  0: 215873
  1: 2474431
  2: 5920888
name: JaxResNet_3_griz_0.npy
