FOM_3x2: 781.0213111110246
FOM_DETF_3x2: 30.294191262282286
FOM_DETF_gg: 1.5546598048806313
FOM_DETF_ww: 0.24021090062749093
FOM_gg: 135.14160561114605
FOM_ww: 6.30561273064868
SNR_3x2: 916.4891094264094
SNR_gg: 907.7511651040228
SNR_ww: 352.5222987704111
counts:
  0: 4054895
  1: 4064977
  2: 491320
name: LGBM_3_griz_0.npy
