FOM_3x2: 868.6080988981497
FOM_DETF_3x2: 27.041843266908174
FOM_DETF_gg: 0.7652902133508288
FOM_DETF_ww: 0.23604896640947848
FOM_gg: 71.400976241773
FOM_ww: 6.9697484711642925
SNR_3x2: 896.6159488655553
SNR_gg: 888.124489664498
SNR_ww: 346.69057725113936
counts:
  0: 4695711
  1: 3852056
  2: 63425
name: LGBM_3_riz_0.npy
