FOM_3x2: 782.9870645525723
FOM_DETF_3x2: 30.23988855478629
FOM_DETF_gg: 1.5612055205213364
FOM_DETF_ww: 0.24125623490714893
FOM_gg: 135.90505191230275
FOM_ww: 6.366585498923861
SNR_3x2: 916.1766947230307
SNR_gg: 907.4056232132117
SNR_ww: 352.4976554460017
counts:
  0: 4072870
  1: 4047002
  2: 491320
name: LSTM_3_griz_0.npy
