FOM_3x2: 864.9930251839221
FOM_DETF_3x2: 26.738508037727346
FOM_DETF_gg: 0.7696581596755236
FOM_DETF_ww: 0.2328095051067616
FOM_gg: 71.85515719367399
FOM_ww: 6.892108032446374
SNR_3x2: 896.9028679274271
SNR_gg: 888.3943698439764
SNR_ww: 346.42032366520294
counts:
  0: 4757468
  1: 3790299
  2: 63425
name: LSTM_3_riz_0.npy
