FOM_3x2: 1253.1384102965594
FOM_DETF_3x2: 42.802322159828556
FOM_DETF_gg: 3.566524084524439
FOM_DETF_ww: 0.8242000960798244
FOM_gg: 295.2649005524219
FOM_ww: 29.98940957684074
SNR_3x2: 1099.782728995069
SNR_gg: 1096.6311171795637
SNR_ww: 361.041488962657
counts:
  0: 2876196
  1: 2858128
  2: 2876868
name: mlpqna_3_griz_0.npy
