FOM_3x2: 1266.2587009894082
FOM_DETF_3x2: 39.25092886627735
FOM_DETF_gg: 3.669440733753176
FOM_DETF_ww: 0.6729074566662171
FOM_gg: 317.38963637468896
FOM_ww: 23.076616660674407
SNR_3x2: 1085.6096612875133
SNR_gg: 1082.568811184235
SNR_ww: 351.6096845584306
counts:
  0: 2966918
  1: 2849169
  2: 2795105
name: mlpqna_3_riz_0.npy
