FOM_3x2: 685.2522574438113
FOM_DETF_3x2: 39.37014116470923
FOM_DETF_gg: 2.172102536288314
FOM_DETF_ww: 0.11998587518179885
FOM_gg: 173.39763586322914
FOM_ww: 1.6779418402220367
SNR_3x2: 1108.8175448076188
SNR_gg: 1103.2885796359062
SNR_ww: 340.66222740687726
counts:
  0: 6996453
  1: 1009630
  2: 605109
name: myCombinedClassifiers_3_griz_0.npy
