FOM_3x2: 610.1875175596964
FOM_DETF_3x2: 35.316571148062785
FOM_DETF_gg: 2.05091777487473
FOM_DETF_ww: 0.07575416065619343
FOM_gg: 166.1615457247637
FOM_ww: 1.2176405726092263
SNR_3x2: 1021.7046501113674
SNR_gg: 1017.4122875720584
SNR_ww: 337.235802960027
counts:
  0: 7102553
  1: 1126515
  2: 382124
name: myCombinedClassifiers_3_riz_0.npy
