FOM_3x2: 844.9057498730635
FOM_DETF_3x2: 76.30069025984314
FOM_DETF_gg: 5.242347838807582
FOM_DETF_ww: 0.10643337443079365
FOM_gg: 310.3658999635035
FOM_ww: 1.568048131112505
SNR_3x2: 1019.3078612977354
SNR_gg: 1016.7063197517335
SNR_ww: 342.02511050125463
counts:
  0: 6271314
  1: 2153682
  2: 186196
name: NeuralNetwork_3_riz_1.npy
