FOM_3x2: 1093.7393014245472
FOM_DETF_3x2: 30.548325200444488
FOM_DETF_gg: 3.987172503491544
FOM_DETF_ww: 0.6163000615712212
FOM_gg: 345.9128389448366
FOM_ww: 19.167962198647036
SNR_3x2: 1104.3356060449823
SNR_gg: 1100.251218499866
SNR_ww: 334.65015805931876
counts:
  0: 2401341
  1: 3142788
  2: 3067063
name: NeuralNetwork_3_riz_2.npy
