FOM_3x2: 1028.6437220233652
FOM_DETF_3x2: 49.37007477241748
FOM_DETF_gg: 2.4247925296624975
FOM_DETF_ww: 0.42374014771384405
FOM_gg: 182.11319268758044
FOM_ww: 8.469747831577726
SNR_3x2: 1126.8560657663754
SNR_gg: 1120.4650634347315
SNR_ww: 345.36417603863646
counts:
  0: 5697648
  1: 1623766
  2: 1289778
name: NeuralNetwork_3_griz_2.npy
