FOM_3x2: 928.6089353049921
FOM_DETF_3x2: 81.91906884743891
FOM_DETF_gg: 5.746483861379524
FOM_DETF_ww: 0.14810407963253214
FOM_gg: 345.5385367450915
FOM_ww: 2.139128941988997
SNR_3x2: 1069.644116859785
SNR_gg: 1067.5118908720983
SNR_ww: 346.48854652620986
counts:
  0: 214194
  1: 2953244
  2: 5443754
name: NeuralNetwork_3_griz_1.npy
