FOM_3x2: 1322.318337870831
FOM_DETF_3x2: 29.487008678857723
FOM_DETF_gg: 2.685981753650042
FOM_DETF_ww: 0.2486376071488919
FOM_gg: 241.27792509774542
FOM_ww: 7.760726876362524
SNR_3x2: 918.2219043551642
SNR_gg: 908.2232657302332
SNR_ww: 327.70306688231545
counts:
  0: 4603037
  1: 1506203
  2: 2501952
name: PCACluster_3_riz_0.npy
