FOM_3x2: 2002.5794158710826
FOM_DETF_3x2: 50.096418642457486
FOM_DETF_gg: 3.6072677627512495
FOM_DETF_ww: 0.37584021442416093
FOM_gg: 310.9887619929038
FOM_ww: 12.592422510216299
SNR_3x2: 1004.5831120931489
SNR_gg: 994.3925273495998
SNR_ww: 339.4832093290342
counts:
  0: 2842810
  1: 1329551
  2: 4438831
name: PCACluster_3_griz_0.npy
