FOM_3x2: 1371.4297426116011
FOM_DETF_3x2: 39.49495492501597
FOM_DETF_gg: 3.32909519565761
FOM_DETF_ww: 0.5720719261926943
FOM_gg: 296.3371813240233
FOM_ww: 20.22762859651128
SNR_3x2: 1068.9731340160943
SNR_gg: 1065.4969844994184
SNR_ww: 352.42900558364227
counts:
  0: 2953456
  1: 2883119
  2: 2774617
name: PQNLD_3_riz_0.npy
