FOM_3x2: 1204.6386298182015
FOM_DETF_3x2: 42.945857748879256
FOM_DETF_gg: 3.5614528975032265
FOM_DETF_ww: 0.7913468414322886
FOM_gg: 291.6190097479603
FOM_ww: 27.619288651392967
SNR_3x2: 1104.2190100530559
SNR_gg: 1101.268452109377
SNR_ww: 360.6859654336663
counts:
  0: 2740359
  1: 2677065
  2: 3193768
name: PQNLD_3_griz_0.npy
