FOM_3x2: 1267.4873868011157
FOM_DETF_3x2: 39.54198203161832
FOM_DETF_gg: 3.670819675131418
FOM_DETF_ww: 0.6764356140179525
FOM_gg: 317.2712253573101
FOM_ww: 23.545311161185303
SNR_3x2: 1084.7445631779906
SNR_gg: 1081.7773013774304
SNR_ww: 351.716100042212
counts:
  0: 2902928
  1: 2868594
  2: 2839670
name: RandomForest_3_riz_0.npy
