FOM_3x2: 1254.5825558193178
FOM_DETF_3x2: 42.96961527898029
FOM_DETF_gg: 3.5584511540895547
FOM_DETF_ww: 0.8248640907590056
FOM_gg: 294.30403131229576
FOM_ww: 30.034141223477945
SNR_3x2: 1100.0514397011218
SNR_gg: 1096.8914390457676
SNR_ww: 361.11871295813387
counts:
  0: 2879077
  1: 2840830
  2: 2891285
name: RandomForest_3_griz_0.npy
