FOM_3x2: 17.38211945736259
FOM_DETF_3x2: 1.2273762185009003
FOM_DETF_gg: 0.003025148257392036
FOM_DETF_ww: 0.00011502619255783291
FOM_gg: 0.5094935538980825
FOM_ww: 0.012262644924460466
SNR_3x2: 670.0523684816854
SNR_gg: 646.3194238618072
SNR_ww: 323.4641059260156
counts:
  0: 2865071
  1: 2872500
  2: 2873621
name: Random_3_griz_0.npy
