FOM_3x2: 1375.616225295243
FOM_DETF_3x2: 39.50607312429524
FOM_DETF_gg: 3.3493583986855286
FOM_DETF_ww: 0.5783968668580376
FOM_gg: 298.5548675603706
FOM_ww: 20.48104842065634
SNR_3x2: 1067.3304762817327
SNR_gg: 1063.85821170374
SNR_ww: 352.4263346730564
counts:
  0: 2973267
  1: 2921813
  2: 2716112
name: SimpleSOM_3_riz_0.npy
