FOM_3x2: 1313.446048669491
FOM_DETF_3x2: 42.24554490600188
FOM_DETF_gg: 3.3126896364702656
FOM_DETF_ww: 0.7722388307537368
FOM_gg: 279.5995917250083
FOM_ww: 28.787409569292276
SNR_3x2: 1102.1009237967764
SNR_gg: 1098.580300311551
SNR_ww: 360.46958181068595
counts:
  0: 3130524
  1: 2424169
  2: 3056499
name: SimpleSOM_3_griz_0.npy
