FOM_3x2: 1371.0105036153616
FOM_DETF_3x2: 39.955411084369054
FOM_DETF_gg: 3.9816699222955094
FOM_DETF_ww: 0.6942034548610132
FOM_gg: 355.8152225395837
FOM_ww: 23.58914546275782
SNR_3x2: 1091.6778837184272
SNR_gg: 1088.663250807679
SNR_ww: 351.61610682654367
counts:
  0: 2918205
  1: 2941458
  2: 2688104
  3: 63425
name: TCN_3_riz_0.npy
