FOM_3x2: 1325.8709320461853
FOM_DETF_3x2: 44.145300449897725
FOM_DETF_gg: 4.126170559178718
FOM_DETF_ww: 0.7881028303560117
FOM_gg: 348.81225458931067
FOM_ww: 27.606801963537166
SNR_3x2: 1098.915692220499
SNR_gg: 1095.396022827042
SNR_ww: 359.5358503116753
counts:
  0: 2716678
  1: 2618849
  2: 2784345
  3: 491320
name: TCN_3_griz_0.npy
