FOM_3x2: 1258.3856410225774
FOM_DETF_3x2: 43.01748906563448
FOM_DETF_gg: 3.5729810573137644
FOM_DETF_ww: 0.8200831035043503
FOM_gg: 296.005391712518
FOM_ww: 29.713795243428816
SNR_3x2: 1099.0231599907413
SNR_gg: 1095.9046889622552
SNR_ww: 360.9047714235073
counts:
  0: 2869766
  1: 2851169
  2: 2890257
name: TensorFlow_FFNN_3_griz_1.npy
