FOM_3x2: 1269.756849526257
FOM_DETF_3x2: 39.00499322184695
FOM_DETF_gg: 3.6633788840300094
FOM_DETF_ww: 0.6648135410657454
FOM_gg: 317.89835018750586
FOM_ww: 22.64934788139309
SNR_3x2: 1084.4667823469877
SNR_gg: 1081.2977294621
SNR_ww: 351.12858267307104
counts:
  0: 2941820
  1: 2874208
  2: 2795164
name: TensorFlow_FFNN_3_riz_1.npy
