FOM_3x2: 1261.6581240840112
FOM_DETF_3x2: 38.989528928298974
FOM_DETF_gg: 3.7242231168400273
FOM_DETF_ww: 0.6378185069709547
FOM_gg: 323.8793960024323
FOM_ww: 22.049289062144382
SNR_3x2: 1078.6407123542529
SNR_gg: 1075.675145794091
SNR_ww: 349.6185108797548
counts:
  0: 2870428
  1: 2870384
  2: 2870380
name: UTOPIA_3_riz_0.npy
