FOM_3x2: 1258.1221680432616
FOM_DETF_3x2: 43.11162872127416
FOM_DETF_gg: 3.5938081561073205
FOM_DETF_ww: 0.820832773057201
FOM_gg: 297.9350496252242
FOM_ww: 29.774188772359157
SNR_3x2: 1098.710372568099
SNR_gg: 1095.658261182328
SNR_ww: 360.96686613063923
counts:
  0: 2870446
  1: 2870378
  2: 2870368
name: UTOPIA_3_griz_0.npy
