FOM_3x2: 1157.2550779637616
FOM_DETF_3x2: 77.63243499644722
FOM_DETF_gg: 4.785720680178472
FOM_DETF_ww: 0.24626027432512917
FOM_gg: 372.3121360942823
FOM_ww: 4.017731289162191
SNR_3x2: 1073.6011258721155
SNR_gg: 1071.3145275995535
SNR_ww: 343.7914371439896
counts:
  0: 491320
  1: 2426794
  2: 5232745
  3: 460333
name: ZotBin_3_griz_0.npy
