FOM_3x2: 841.1169371652318
FOM_DETF_3x2: 64.79901030261045
FOM_DETF_gg: 3.6954432277753724
FOM_DETF_ww: 0.2660244049381587
FOM_gg: 250.08040905467755
FOM_ww: 4.787742562018461
SNR_3x2: 989.9722058668981
SNR_gg: 986.3400690782427
SNR_ww: 334.4002472219192
counts:
  -1: 0
  0: 2021896
  1: 5988587
  2: 600709
name: ZotBin_3_riz_0.npy
