FOM_3x2: 1208.199058548499
FOM_DETF_3x2: 83.67068925702581
FOM_DETF_gg: 5.533225385795406
FOM_DETF_ww: 0.15570443491587663
FOM_gg: 413.0458990148558
FOM_ww: 2.314731966515432
SNR_3x2: 1083.4653944563875
SNR_gg: 1081.457797926827
SNR_ww: 348.31873437240546
counts:
  0: 491320
  1: 2397496
  2: 278109
  3: 5444267
name: ZotNet_3_griz_0.npy
