FOM_3x2: 844.5871974158014
FOM_DETF_3x2: 73.56660111522348
FOM_DETF_gg: 4.7101559588769675
FOM_DETF_ww: 0.15084259852327656
FOM_gg: 287.41362945940887
FOM_ww: 2.205888454507972
SNR_3x2: 1006.1633097672253
SNR_gg: 1003.2133882261369
SNR_ww: 340.1984624692151
counts:
  -1: 0
  0: 308595
  1: 2148281
  2: 6154316
name: ZotNet_3_riz_0.npy
