FOM_3x2: 908.9745789687476
FOM_DETF_3x2: 22.3154726559591
FOM_DETF_gg: 2.1872214247214714
FOM_DETF_ww: 0.15255029195002434
FOM_gg: 200.93511852053808
FOM_ww: 2.9409362078022854
SNR_3x2: 1089.8188440530687
SNR_gg: 1087.639937850186
SNR_ww: 244.30785740040247
counts:
  0: 2258490
  1: 476308
  2: 2618392
  3: 50583
name: Autokeras_LSTM_3_riz_0.npy
