FOM_3x2: 797.7002859806742
FOM_DETF_3x2: 26.312905246787956
FOM_DETF_gg: 2.2669511305619996
FOM_DETF_ww: 0.31803406095456244
FOM_gg: 193.96116280086005
FOM_ww: 5.728584989619355
SNR_3x2: 1134.108692348937
SNR_gg: 1132.236271438865
SNR_ww: 251.70352955609016
counts:
  0: 1166335
  1: 2328074
  2: 1596623
  3: 312741
name: Autokeras_LSTM_3_griz_0.npy
