FOM_3x2: 406.8211676531735
FOM_DETF_3x2: 17.714870336465797
FOM_DETF_gg: 0.7901996252317148
FOM_DETF_ww: 0.0917508157750468
FOM_gg: 65.18343849950013
FOM_ww: 1.7717360458261444
SNR_3x2: 947.7958347416238
SNR_gg: 944.8907733887493
SNR_ww: 247.84112306706035
counts:
  0: 2543774
  1: 2547258
  2: 312741
name: CNN_3_griz_0.npy
