FOM_3x2: 378.2881538974554
FOM_DETF_3x2: 18.01265861759985
FOM_DETF_gg: 0.9485729525542994
FOM_DETF_ww: 0.07847093644387808
FOM_gg: 73.1942615205353
FOM_ww: 1.7939200761865834
SNR_3x2: 951.0680523570375
SNR_gg: 948.0729330981394
SNR_ww: 244.26877079790887
counts:
  0: 2794760
  1: 2558430
  2: 50583
name: CNN_3_riz_0.npy
