FOM_3x2: 264.6386381709238
FOM_DETF_3x2: 25.016556474548842
FOM_DETF_gg: 2.327475957810282
FOM_DETF_ww: 0.06963189924082279
FOM_gg: 123.89588987598292
FOM_ww: 0.99892463870704
SNR_3x2: 1142.4918681126337
SNR_gg: 1141.5279334076924
SNR_ww: 237.46327259982718
counts:
  0: 414642
  1: 1198474
  2: 3790657
name: ComplexSOM_3_griz_0.npy
