FOM_3x2: 494.5139949319462
FOM_DETF_3x2: 30.39026029046811
FOM_DETF_gg: 3.1693582106185376
FOM_DETF_ww: 0.1018474493265902
FOM_gg: 215.88376479304608
FOM_ww: 1.856029878474816
SNR_3x2: 1133.8162250166133
SNR_gg: 1132.9793502175855
SNR_ww: 239.98158407401561
counts:
  0: 555288
  1: 1953044
  2: 2895441
name: ComplexSOM_3_riz_0.npy
