FOM_3x2: 880.3246755804993
FOM_DETF_3x2: 23.197550261387708
FOM_DETF_gg: 2.3061651735965234
FOM_DETF_ww: 0.23969350558951583
FOM_gg: 204.0873808341492
FOM_ww: 4.39031841382396
SNR_3x2: 973.8217334914794
SNR_gg: 971.3619767259779
SNR_ww: 244.3487825595807
counts:
  0: 2514560
  1: 2735915
  2: 153298
name: funbins_3_riz_0.npy
