FOM_3x2: 942.8649770422325
FOM_DETF_3x2: 25.956341724615097
FOM_DETF_gg: 2.7804162652620508
FOM_DETF_ww: 0.3719926991263984
FOM_gg: 238.4709881345422
FOM_ww: 7.249613060082509
SNR_3x2: 982.9220928221322
SNR_gg: 980.5330680341143
SNR_ww: 250.3484888792175
counts:
  0: 2449581
  1: 2749356
  2: 204836
name: funbins_3_griz_0.npy
