FOM_3x2: 274.4842725654462
FOM_DETF_3x2: 16.765410410981026
FOM_DETF_gg: 0.51683026659673
FOM_DETF_ww: 0.0815887582184489
FOM_gg: 37.1440474870976
FOM_ww: 1.6889855156799747
SNR_3x2: 937.4535925093581
SNR_gg: 935.2392909296155
SNR_ww: 245.76343546601424
counts:
  -1: 0
  0: 2735345
  1: 2668428
name: GPzBinning_3_riz_0.npy
