FOM_3x2: 291.84262578090073
FOM_DETF_3x2: 17.554406119519232
FOM_DETF_gg: 0.4677677000913275
FOM_DETF_ww: 0.10802262977487725
FOM_gg: 33.679969163765485
FOM_ww: 2.135108165500902
SNR_3x2: 941.0907518652751
SNR_gg: 938.4732737094552
SNR_ww: 249.8814114560079
counts:
  -1: 0
  0: 2849763
  1: 2554010
name: GPzBinning_3_griz_0.npy
