FOM_3x2: 201.65808292006233
FOM_DETF_3x2: 11.440539093213854
FOM_DETF_gg: 0.7366238408247126
FOM_DETF_ww: 0.010607109550321374
FOM_gg: 68.19554057464974
FOM_ww: 0.17679290944095677
SNR_3x2: 722.5695229123587
SNR_gg: 713.3743232147574
SNR_ww: 221.90045899449143
counts:
  0: 20433
  1: 2658076
  2: 2725264
name: IBandOnly_3_griz_0.npy
