FOM_3x2: 1359.4509654737262
FOM_DETF_3x2: 38.574909863412046
FOM_DETF_gg: 4.25771824694708
FOM_DETF_ww: 0.18423483301277005
FOM_gg: 421.0444782344665
FOM_ww: 4.021823843523856
SNR_3x2: 1046.1480144636396
SNR_gg: 1044.7415823241788
SNR_ww: 241.01079018445816
counts:
  0: 4233570
  1: 252887
  2: 917316
name: JaxCNN_3_riz_0.npy
