FOM_3x2: 1306.8676011126815
FOM_DETF_3x2: 43.67479330998025
FOM_DETF_gg: 5.321451770893333
FOM_DETF_ww: 0.21618908802200554
FOM_gg: 475.4710843679528
FOM_ww: 4.430843253402942
SNR_3x2: 1084.9956661459719
SNR_gg: 1083.785437744955
SNR_ww: 248.15401503258033
counts:
  0: 1392866
  1: 3656642
  2: 354265
name: JaxCNN_3_griz_0.npy
