FOM_3x2: 1682.2236145519444
FOM_DETF_3x2: 45.88803124857054
FOM_DETF_gg: 5.6611034863374465
FOM_DETF_ww: 0.2150698072970903
FOM_gg: 551.617124777892
FOM_ww: 4.798118192017359
SNR_3x2: 1056.106471724152
SNR_gg: 1054.542262209252
SNR_ww: 244.42406285438284
counts:
  0: 193748
  1: 943336
  2: 4266689
name: JaxResNet_3_griz_0.npy
