FOM_3x2: 2360.8386770502643
FOM_DETF_3x2: 63.264231064269715
FOM_DETF_gg: 9.200680107369385
FOM_DETF_ww: 0.5135131644322699
FOM_gg: 830.512626484014
FOM_ww: 11.327478519082494
SNR_3x2: 1246.816328631065
SNR_gg: 1246.231641357337
SNR_ww: 255.5686031632308
counts:
  0: 773164
  1: 2193155
  2: 2198210
  3: 239244
name: JaxResNet_5_griz_0.npy
