FOM_3x2: 1589.266412205011
FOM_DETF_3x2: 39.58817420847996
FOM_DETF_gg: 4.5462806752548826
FOM_DETF_ww: 0.18661678215038466
FOM_gg: 468.88643923760765
FOM_ww: 4.193969123838088
SNR_3x2: 1022.3271956586716
SNR_gg: 1020.7044716776242
SNR_ww: 240.11320773535383
counts:
  0: 838325
  1: 4359531
  2: 205917
name: JaxResNet_3_riz_0.npy
