FOM_3x2: 377.8723757857558
FOM_DETF_3x2: 18.163996960987735
FOM_DETF_gg: 0.9508257612039617
FOM_DETF_ww: 0.08224566199796782
FOM_gg: 73.2742216261562
FOM_ww: 1.8332073109040643
SNR_3x2: 950.9208869222613
SNR_gg: 947.9167678593096
SNR_ww: 244.87469093686428
counts:
  0: 2763403
  1: 2589787
  2: 50583
name: LGBM_3_riz_0.npy
