FOM_3x2: 410.06292033986415
FOM_DETF_3x2: 17.78942298869345
FOM_DETF_gg: 0.7961101308622628
FOM_DETF_ww: 0.0936710367144912
FOM_gg: 65.49875300146454
FOM_ww: 1.8320358362075422
SNR_3x2: 947.7277806895786
SNR_gg: 944.7764272997988
SNR_ww: 247.9801785363294
counts:
  0: 2586877
  1: 2504155
  2: 312741
name: LGBM_3_griz_0.npy
