FOM_3x2: 379.8587383212642
FOM_DETF_3x2: 18.01871754610027
FOM_DETF_gg: 0.9486214344282227
FOM_DETF_ww: 0.07976640679614644
FOM_gg: 73.33494267680302
FOM_ww: 1.8039364132472198
SNR_3x2: 951.3152108223754
SNR_gg: 948.2628227832686
SNR_ww: 244.38199786838365
counts:
  0: 2768849
  1: 2584341
  2: 50583
name: LSTM_3_riz_0.npy
