FOM_3x2: 414.2791741429813
FOM_DETF_3x2: 17.924398169760003
FOM_DETF_gg: 0.8002736015363876
FOM_DETF_ww: 0.09761009713573493
FOM_gg: 65.79121265287729
FOM_ww: 1.914835989258433
SNR_3x2: 947.2639480865431
SNR_gg: 944.3459224423632
SNR_ww: 248.52007951451918
counts:
  0: 2635663
  1: 2455369
  2: 312741
name: LSTM_3_griz_0.npy
