FOM_3x2: 596.3421853193319
FOM_DETF_3x2: 24.050316551218323
FOM_DETF_gg: 1.9486572017666126
FOM_DETF_ww: 0.2845049117336565
FOM_gg: 153.25273468721454
FOM_ww: 4.813147562319619
SNR_3x2: 1119.3849080725372
SNR_gg: 1117.5525717738344
SNR_ww: 247.34490927364422
counts:
  0: 1750281
  1: 1894924
  2: 1758568
name: mlpqna_3_riz_0.npy
