FOM_3x2: 688.6297094415137
FOM_DETF_3x2: 27.19028233500332
FOM_DETF_gg: 2.2534024201344263
FOM_DETF_ww: 0.3839471230778324
FOM_gg: 184.81202414495553
FOM_ww: 6.852513017055915
SNR_3x2: 1142.6097854481554
SNR_gg: 1141.2053337857906
SNR_ww: 255.5916060479316
counts:
  0: 1805116
  1: 1773415
  2: 1825242
name: mlpqna_3_griz_0.npy
