FOM_3x2: 660.8072167538896
FOM_DETF_3x2: 22.12769768246166
FOM_DETF_gg: 1.4040032138426644
FOM_DETF_ww: 0.1404130150130297
FOM_gg: 117.31564020085226
FOM_ww: 2.3428299209119876
SNR_3x2: 1157.796380607792
SNR_gg: 1155.0240250707961
SNR_ww: 239.23879059799646
counts:
  0: 3419481
  1: 1270674
  2: 713618
name: myCombinedClassifiers_3_griz_0.npy
