FOM_3x2: 656.644078593635
FOM_DETF_3x2: 18.43313767474521
FOM_DETF_gg: 1.007137611155846
FOM_DETF_ww: 0.07613427561822907
FOM_gg: 86.93578736354544
FOM_ww: 1.5316182885942307
SNR_3x2: 1134.2017312568673
SNR_gg: 1131.089653239406
SNR_ww: 234.89032368728127
counts:
  0: 3457601
  1: 1240746
  2: 705426
name: myCombinedClassifiers_3_riz_0.npy
