FOM_3x2: 1847.1035001569953
FOM_DETF_3x2: 46.60166542439515
FOM_DETF_gg: 5.881449038839913
FOM_DETF_ww: 0.2211945278553323
FOM_gg: 588.3139463890468
FOM_ww: 5.047555954317602
SNR_3x2: 1062.3502120175324
SNR_gg: 1060.7549570418817
SNR_ww: 244.80935024442792
counts:
  0: 911228
  1: 4297106
  2: 195439
name: NeuralNetwork_3_griz_1.npy
