FOM_3x2: 559.5107504145799
FOM_DETF_3x2: 21.8914829951094
FOM_DETF_gg: 1.4382840506059782
FOM_DETF_ww: 0.0961860256681314
FOM_gg: 111.58416791364381
FOM_ww: 2.305782769021814
SNR_3x2: 1155.6904829077862
SNR_gg: 1153.902089223648
SNR_ww: 244.7469634983661
counts:
  0: 2590133
  1: 1634699
  2: 1178941
name: NeuralNetwork_3_riz_2.npy
