FOM_3x2: 525.0275054386444
FOM_DETF_3x2: 22.177808103826074
FOM_DETF_gg: 1.2304161021477256
FOM_DETF_ww: 0.12924107046215955
FOM_gg: 93.37449365168075
FOM_ww: 2.8290954725463933
SNR_3x2: 1159.4082202269697
SNR_gg: 1157.3316689068115
SNR_ww: 249.22036248316797
counts:
  0: 1066702
  1: 1707491
  2: 2629580
name: NeuralNetwork_3_griz_2.npy
