FOM_3x2: 1799.4858523194448
FOM_DETF_3x2: 42.801884541277076
FOM_DETF_gg: 5.173076453242671
FOM_DETF_ww: 0.17116501372141465
FOM_gg: 530.1970662731206
FOM_ww: 3.8516091204050196
SNR_3x2: 1007.2212895861677
SNR_gg: 1005.1407743761616
SNR_ww: 239.82060774561052
counts:
  0: 100466
  1: 866731
  2: 4436576
name: NeuralNetwork_3_riz_1.npy
