FOM_3x2: 975.390491707794
FOM_DETF_3x2: 20.990452921106378
FOM_DETF_gg: 2.1856603887245214
FOM_DETF_ww: 0.06107332921035485
FOM_gg: 211.57957593109074
FOM_ww: 1.166964914436892
SNR_3x2: 943.712796669079
SNR_gg: 940.9815442522668
SNR_ww: 232.36368618342186
counts:
  0: 1447631
  1: 3393306
  2: 562836
name: PCACluster_3_griz_0.npy
