FOM_3x2: 1427.4513373762436
FOM_DETF_3x2: 22.28260812945105
FOM_DETF_gg: 2.4280059983481572
FOM_DETF_ww: 0.16624975481621407
FOM_gg: 235.12406991751277
FOM_ww: 3.8411248574276975
SNR_3x2: 999.5040753766727
SNR_gg: 996.3459125539073
SNR_ww: 233.8621921177051
counts:
  0: 4357687
  1: 403121
  2: 642965
name: PCACluster_3_riz_0.npy
