FOM_3x2: 852.3302504689012
FOM_DETF_3x2: 26.078379627799098
FOM_DETF_gg: 2.57421264993552
FOM_DETF_ww: 0.25642835227130517
FOM_gg: 223.04259164892386
FOM_ww: 4.637226666665548
SNR_3x2: 1086.2112090603316
SNR_gg: 1084.8938783048047
SNR_ww: 248.15790955446488
counts:
  0: 1927152
  1: 1775638
  2: 1700983
name: PQNLD_3_riz_0.npy
