FOM_3x2: 717.9373680168476
FOM_DETF_3x2: 27.862684810568034
FOM_DETF_gg: 2.392924887722532
FOM_DETF_ww: 0.3930331725338169
FOM_gg: 197.92908462969172
FOM_ww: 6.935872627303303
SNR_3x2: 1138.0315535626476
SNR_gg: 1136.695802949363
SNR_ww: 255.72091224551832
counts:
  0: 1850417
  1: 1797669
  2: 1755687
name: PQNLD_3_griz_0.npy
