FOM_3x2: 593.0707040741785
FOM_DETF_3x2: 23.903543433742
FOM_DETF_gg: 1.9499627947609104
FOM_DETF_ww: 0.27442224297987605
FOM_gg: 153.22129973079296
FOM_ww: 4.595792656002807
SNR_3x2: 1113.1650123277384
SNR_gg: 1111.3334679771979
SNR_ww: 246.9953331725733
counts:
  0: 1794825
  1: 1835360
  2: 1773588
name: RandomForest_3_riz_0.npy
