FOM_3x2: 5.642727769456503
FOM_DETF_3x2: 0.7710582186207577
FOM_DETF_gg: 0.0017066139924799063
FOM_DETF_ww: 7.115480169223201e-05
FOM_gg: 0.2977123981906712
FOM_ww: 0.00515736549976168
SNR_3x2: 680.4911694560733
SNR_gg: 673.9711170410218
SNR_ww: 221.54932042623176
counts:
  0: 1796832
  1: 1799950
  2: 1806991
name: Random_3_riz_0.npy
