FOM_3x2: 688.8852797424968
FOM_DETF_3x2: 27.25262420635246
FOM_DETF_gg: 2.2638613028122814
FOM_DETF_ww: 0.38238841140725643
FOM_gg: 185.5644039003581
FOM_ww: 6.796681363384147
SNR_3x2: 1141.6879758257846
SNR_gg: 1140.2934536435255
SNR_ww: 255.52345004655885
counts:
  0: 1817389
  1: 1762098
  2: 1824286
name: RandomForest_3_griz_0.npy
