FOM_3x2: 758.8982918672081
FOM_DETF_3x2: 28.335214324593935
FOM_DETF_gg: 2.5242874399574218
FOM_DETF_ww: 0.4135872852084711
FOM_gg: 211.0247435921036
FOM_ww: 7.342901063398894
SNR_3x2: 1134.4348546211445
SNR_gg: 1133.08165047331
SNR_ww: 255.9042799167722
counts:
  0: 1852873
  1: 1919546
  2: 1631354
name: SimpleSOM_3_griz_0.npy
