FOM_3x2: 843.6505243983731
FOM_DETF_3x2: 26.05146238418401
FOM_DETF_gg: 2.574620929209633
FOM_DETF_ww: 0.26139734478193233
FOM_gg: 222.13820905778059
FOM_ww: 4.718241408891668
SNR_3x2: 1087.0581596654545
SNR_gg: 1085.7249510976862
SNR_ww: 248.17673109292372
counts:
  0: 1934811
  1: 1787667
  2: 1681295
name: SimpleSOM_3_riz_0.npy
