FOM_3x2: 738.4508509731262
FOM_DETF_3x2: 26.557212053723593
FOM_DETF_gg: 2.5471912483268184
FOM_DETF_ww: 0.28879405036917694
FOM_gg: 207.07029454092145
FOM_ww: 5.012274617995039
SNR_3x2: 1125.29636448981
SNR_gg: 1122.7009741494003
SNR_ww: 247.02744671686784
counts:
  0: 1888219
  1: 1734603
  2: 1730368
  3: 50583
name: TCN_3_riz_0.npy
