FOM_3x2: 797.1247610602724
FOM_DETF_3x2: 27.001249471850652
FOM_DETF_gg: 2.302589891801158
FOM_DETF_ww: 0.34981848361212936
FOM_gg: 198.48668167939124
FOM_ww: 6.201361806985728
SNR_3x2: 1143.531965905024
SNR_gg: 1142.1263663571058
SNR_ww: 253.72846695560287
counts:
  0: 1766231
  1: 1578419
  2: 1746382
  3: 312741
name: TCN_3_griz_0.npy
