FOM_3x2: 596.2725034722223
FOM_DETF_3x2: 23.924243980441627
FOM_DETF_gg: 1.9499240511801832
FOM_DETF_ww: 0.27795101083673784
FOM_gg: 153.45385717748454
FOM_ww: 4.713419703991158
SNR_3x2: 1117.6191295214844
SNR_gg: 1115.7891312676988
SNR_ww: 247.1341558632119
counts:
  0: 1826249
  1: 1777937
  2: 1799587
name: TensorFlow_FFNN_3_riz_1.npy
