FOM_3x2: 692.9800877079133
FOM_DETF_3x2: 27.097258166781806
FOM_DETF_gg: 2.2520913563276554
FOM_DETF_ww: 0.37881907159962735
FOM_gg: 184.89648877196402
FOM_ww: 6.801439583930499
SNR_3x2: 1141.8022293385695
SNR_gg: 1140.3785527242528
SNR_ww: 255.14323564444925
counts:
  0: 1811851
  1: 1773245
  2: 1818677
name: TensorFlow_FFNN_3_griz_1.npy
