FOM_3x2: 588.9439042341082
FOM_DETF_3x2: 24.944951936518898
FOM_DETF_gg: 2.18902412847004
FOM_DETF_ww: 0.28114447772399576
FOM_gg: 172.74645711108988
FOM_ww: 4.241321194970735
SNR_3x2: 1100.536798804898
SNR_gg: 1099.2136744835345
SNR_ww: 246.95197855291084
counts:
  0: 1801282
  1: 1801248
  2: 1801243
name: UTOPIA_3_riz_0.npy
