FOM_3x2: 699.6501702019597
FOM_DETF_3x2: 27.875021300388546
FOM_DETF_gg: 2.367066398096532
FOM_DETF_ww: 0.3807932662718952
FOM_gg: 194.80015294315575
FOM_ww: 6.631105441543711
SNR_3x2: 1137.4450649601636
SNR_gg: 1136.1904551923037
SNR_ww: 255.46651900882034
counts:
  0: 1801280
  1: 1801246
  2: 1801247
name: UTOPIA_3_griz_0.npy
