FOM_3x2: 1418.2306957216763
FOM_DETF_3x2: 44.58902415487546
FOM_DETF_gg: 5.92660603803811
FOM_DETF_ww: 0.18973580560345757
FOM_gg: 527.3570111494521
FOM_ww: 3.585736090821744
SNR_3x2: 1089.361313236147
SNR_gg: 1087.2749842864598
SNR_ww: 243.01609189359314
counts:
  0: 312741
  1: 349387
  2: 3628659
  3: 1112986
name: ZotBin_3_griz_0.npy
