FOM_3x2: 1205.9243360898433
FOM_DETF_3x2: 30.847184588437294
FOM_DETF_gg: 3.155671417693022
FOM_DETF_ww: 0.29009218156558425
FOM_gg: 264.0680446640231
FOM_ww: 5.665620653223533
SNR_3x2: 1068.8054876789877
SNR_gg: 1066.77851301264
SNR_ww: 234.9446460202985
counts:
  -1: 0
  0: 1990467
  1: 2530655
  2: 882651
name: ZotBin_3_riz_0.npy
