FOM_3x2: 1798.436867404316
FOM_DETF_3x2: 40.34564074223767
FOM_DETF_gg: 4.795689424857469
FOM_DETF_ww: 0.16366950679076078
FOM_gg: 505.07147777783354
FOM_ww: 3.7918422883806078
SNR_3x2: 1000.3764027210021
SNR_gg: 998.1643199955334
SNR_ww: 238.2846140018279
counts:
  -1: 0
  0: 4514178
  1: 106017
  2: 783578
name: ZotNet_3_riz_0.npy
