FOM_3x2: 1778.9589873526343
FOM_DETF_3x2: 47.95195168184837
FOM_DETF_gg: 6.079250118266411
FOM_DETF_ww: 0.1998901541328419
FOM_gg: 585.2586290217802
FOM_ww: 4.265105211676955
SNR_3x2: 1047.9594780243672
SNR_gg: 1045.4571689187767
SNR_ww: 242.95904904829476
counts:
  0: 312741
  1: 4068513
  2: 143149
  3: 879370
name: ZotNet_3_griz_0.npy
